// gate number , flag, mapnumber, x, y, x2, y2, target gate, Dir, Level
// flag : 1, 2 :, 3 :
// target gate : gate number
// Level : 
// 0   0   0   0   0   0   0   0   0  
1 1   0   121 232 123 233 2   0   20 
2 2   1   107 247 110 247 0   1   20 

3 1   1   108 248 109 248 4   0   0  
4 2   0   121 231 123 231 0   1   0  

5 1   1   239 149 239 150 6   0   40 
6 2   1   231 126 234 127 0   1   40 

7 1   1   232 127 233 128 8   0   40 
8 2   1   240 148 241 151 0   3   40 

9 1   1   2   17  2   18  10  0   50 
10 2   1   3   83  4   86  0   3   50 

11 1   1   2   84  2   85  12  0   50 
12 2   1   3   16  6   17  0   3   50 

//DareDevil gate (Dungeon <-> DareDevil)
13 1  1  29 127  30 127 14  0  255 //Dungeon 3
14 2  5   60 11 62 11 0 3 255 //Excile / DareDevil

15 1  5   59 7 63 8 16 0  255 //Excile / DareDevil
16 2  1  29 125  29 126  0  1  255 //Dungeon 3

17 0   0   133 118 151 135 0   0   0  
 
18 1   0   5   38  6   41  19  0   15 
19 2   2   242 34  243 37  0   7   15 
 
20 1   2   244 34  245 37  21  0   0  
21 2   0   7   38  8   41  0   3   0  
 
22 0   2   197 35  218 50  0   0   15
 
23 1   0   213 246 217 247 24  0   10 
24 2   3   148 5   155 6   0   5   10 

25 1   3   148 3   155 4   26  0   10 
26 2   0   213 244 217 245 0   1   10 

27 0   3   171 108 177 117 0   0   0
  
28 1   2   2   248 3   249 29  0   80 
29 2   4   162 2   166 3   0   5   80 

30 1   4   190 6   191 8   31  0   80 
31 2   4   241 237 244 238 0   1   80 

32 1   4   166 163 167 166 33  0   80
33 2   4   86  166 87  168 0   3   80 

34 1   4   132 245 135 246 35  0   80
35  2   4   87  86  88  89  0   3   80 

36 1   4   132 135 135 136 37  0   80
37  2   4   128 53  131 54  0   1   80
 
38 1   4   131 15  132 18  39  0   80
39  2   4   52  53  55  54  0   1   80 

40 1   4   6   5   7   8   41  0   80 
41 2   4   8   85  9   87  0   1   80
 
42 0   4   203 70  213 81  0   0   80
 
43 1   4   162 0   166 1   44  0   15 
44 2   2   2   246 3   247 0   2   15 

45 1   3   242 240 245 243 46  0   60 
46 2   7   14  12  15  13  0   3   60
 
47 1 7 9 9 11 12 48 0 60 
48 2 24 33 88 33 87 0 2 250 		// Atlans -> Kalima

49 0   7   14  11  27  23  0   0   60
 
50 0   6   72  140 73  181 0   0   0  
51 0   6   59  153 59  153 0   0   0
52 0   6   59  164 59  165 0   0   0
 
53 1   7   14  225 15  230 54  0   130
54 2   8   248 40  251 44  0   7   0

55 1   8   246 40  247 44  56  0   130
56 2   7   16  225 17  230 0   3   0
  
57 0   8   187 54  203 69  0   0   60 
 
58 0   9   133 91  141 99  0   0   10 
59 0   9   135 162 142 170 0   0   10 
60 0   9   62  150 70  158 0   0   10
61  0   9   66  84  74  92  0   0   10 
 
62 1   4   17  250 19  250 63  0   200
63 2   10  14  13  16  13  0   5   200

64 1   10  14  12  16  12  65  0   200
65 2   4   17  249 19  249 0   1   200

66 0 11 12   5  14  10  0  0   0	//BC1
67 0 12 12   5  14  10  0  0   0	//BC2
68 0 13 12   5  14  10  0  0   0	//BC3
69 0 14 12   5  14  10  0  0   0	//BC4
70 0 15 12   5  14  10  0  0   0	//BC5
71 0 16 12   5  14  10  0  0   0	//BC6
//72 0 17 12   5  14  10  0  0   0 	//BC7

72   0   2   23  27  27  24  0   0   50 	//Devias2
73   0   2   224 231 227 227 0   0   50 	//Devias3
74   0   2   69  181 72  178 0   0   50 	//Devias4
75   0   7   225 53  228 50  0   0   80 	//Atlans2
76   0   7   62  163 68  157 0   0   80 	//Atlans3
77   0   8   96  143 100 146 0   0   150	//Tarkan2
78   0   24 33  88  33   87  0   0   250 	//Kalima
79   0   5   60 11  62   11  0  0  300    //Excile / DareDevil

//Arena <-> Lost Town
//72 1  6  60 120  64 121  73 0  250 //Arena
//73 2  6  62 133  63 134   0 5  250 //Lost Town

//Arena <-> Lost Town
//74 1 6  61 133  64 134 75  0  250 //Lost Town
//75 2 6  60 119  63 118  0  1  250 //Arena

//Crystal Quest -> Crystal Quest BOSS
//74 1 17  93 243  95 243 75 0 200
//75 2 17 176 202 178 202  0 5 200

//Kalima -> Lorencia
//73 1 24 31 106  31 106 74  0  200 //Kalima
//74 2 0  220  8  220  8  0  3  200 //Lorencia

//Tarkan -> Lost Town
80 1 8 154 232 155 232 81  0  200 //Tarkan
81 2 6  83   5  84   5  0  5  200 //Lost Town

//Lost Town -> Tarkan
82 1 6  82   4  84   4 83  0  200 //Lost Town 
83 2 8 155 232 156 232  0  1  200 //Tarkan

//Icarus -> Tarkan
//80 1 10 31 237 38 237  81  0  180
//81 2 8 176 36 178 36  0  5  180

//Lorencia -> Excile
//82 1 0 235 240 235 235 83  0  180 //Lorencia
//83 2 5   7  12   8  12  0  3  180 //Excile

//Excile -> Lorencia
//84 1 5   6  11   7  11 85  0  180 //Excile
//85 2 0 232 240 232 238  0  3  180 //Lorencia

//Tarkan -> DareDevil
//88 1 8 176 36 178 36 89 0 200 //Tarkan
//89 2 19 60 11 62 11 0 3 200 //DareDevil

//DareDevil -> Tarkan
//90 1 19 59 7 63 8 91 0 200 //DareDevil
//91 2 8 176 39 178 39 0 3 200 //Tarkan

//Stadium -> Chaos Castle
//92 1 6 10 113 10 116 93 0 200 //Stadium
//93 2 18 25 76 26 77 0 3 200 //Chaos Castle
	
// 0   0   0   0   0   0   0   0   0  

